2026/05/25-19:40:11.512235 7b25aadfc700 RocksDB version: 6.20.3
2026/05/25-19:40:11.513162 7b25aadfc700 Git sha 01028f411f86e930a5436f757837da08a3f48f1a
2026/05/25-19:40:11.513171 7b25aadfc700 Compile date 2021-07-31 16:27:06
2026/05/25-19:40:11.513268 7b25aadfc700 DB SUMMARY
2026/05/25-19:40:11.513271 7b25aadfc700 DB Session ID:  6JVQQ3M8HUMH00EYXJRT
2026/05/25-19:40:11.515940 7b25aadfc700 SST files in /data/db dir, Total Num: 0, files: 
2026/05/25-19:40:11.515949 7b25aadfc700 Write Ahead Log file in /data/db: 
2026/05/25-19:40:11.515953 7b25aadfc700                         Options.error_if_exists: 0
2026/05/25-19:40:11.516315 7b25aadfc700                       Options.create_if_missing: 1
2026/05/25-19:40:11.516321 7b25aadfc700                         Options.paranoid_checks: 1
2026/05/25-19:40:11.516323 7b25aadfc700                               Options.track_and_verify_wals_in_manifest: 0
2026/05/25-19:40:11.516326 7b25aadfc700                                     Options.env: 0x4600540
2026/05/25-19:40:11.516328 7b25aadfc700                                      Options.fs: Posix File System
2026/05/25-19:40:11.516937 7b25aadfc700                                Options.info_log: 0x7b25ec814200
2026/05/25-19:40:11.516944 7b25aadfc700                Options.max_file_opening_threads: 16
2026/05/25-19:40:11.516948 7b25aadfc700                              Options.statistics: (nil)
2026/05/25-19:40:11.516950 7b25aadfc700                               Options.use_fsync: 0
2026/05/25-19:40:11.516953 7b25aadfc700                       Options.max_log_file_size: 4194304
2026/05/25-19:40:11.516955 7b25aadfc700                  Options.max_manifest_file_size: 1073741824
2026/05/25-19:40:11.517332 7b25aadfc700                   Options.log_file_time_to_roll: 0
2026/05/25-19:40:11.517338 7b25aadfc700                       Options.keep_log_file_num: 5
2026/05/25-19:40:11.517342 7b25aadfc700                    Options.recycle_log_file_num: 0
2026/05/25-19:40:11.517345 7b25aadfc700                         Options.allow_fallocate: 1
2026/05/25-19:40:11.517348 7b25aadfc700                        Options.allow_mmap_reads: 0
2026/05/25-19:40:11.517674 7b25aadfc700                       Options.allow_mmap_writes: 0
2026/05/25-19:40:11.517677 7b25aadfc700                        Options.use_direct_reads: 0
2026/05/25-19:40:11.517679 7b25aadfc700                        Options.use_direct_io_for_flush_and_compaction: 0
2026/05/25-19:40:11.517680 7b25aadfc700          Options.create_missing_column_families: 0
2026/05/25-19:40:11.517682 7b25aadfc700                              Options.db_log_dir: 
2026/05/25-19:40:11.517683 7b25aadfc700                                 Options.wal_dir: /data/db
2026/05/25-19:40:11.517992 7b25aadfc700                Options.table_cache_numshardbits: 6
2026/05/25-19:40:11.517997 7b25aadfc700                         Options.WAL_ttl_seconds: 86400
2026/05/25-19:40:11.517999 7b25aadfc700                       Options.WAL_size_limit_MB: 1024
2026/05/25-19:40:11.518002 7b25aadfc700                        Options.max_write_batch_group_size_bytes: 1048576
2026/05/25-19:40:11.518005 7b25aadfc700             Options.manifest_preallocation_size: 4194304
2026/05/25-19:40:11.518355 7b25aadfc700                     Options.is_fd_close_on_exec: 1
2026/05/25-19:40:11.518359 7b25aadfc700                   Options.advise_random_on_open: 1
2026/05/25-19:40:11.518361 7b25aadfc700                    Options.db_write_buffer_size: 0
2026/05/25-19:40:11.518363 7b25aadfc700                    Options.write_buffer_manager: 0x7b25ec9c8e90
2026/05/25-19:40:11.518365 7b25aadfc700         Options.access_hint_on_compaction_start: 1
2026/05/25-19:40:11.518676 7b25aadfc700  Options.new_table_reader_for_compaction_inputs: 0
2026/05/25-19:40:11.518681 7b25aadfc700           Options.random_access_max_buffer_size: 1048576
2026/05/25-19:40:11.518683 7b25aadfc700                      Options.use_adaptive_mutex: 0
2026/05/25-19:40:11.518686 7b25aadfc700                            Options.rate_limiter: (nil)
2026/05/25-19:40:11.518689 7b25aadfc700     Options.sst_file_manager.rate_bytes_per_sec: 0
2026/05/25-19:40:11.518693 7b25aadfc700                       Options.wal_recovery_mode: 2
2026/05/25-19:40:11.519063 7b25aadfc700                  Options.enable_thread_tracking: 0
2026/05/25-19:40:11.519067 7b25aadfc700                  Options.enable_pipelined_write: 0
2026/05/25-19:40:11.519069 7b25aadfc700                  Options.unordered_write: 0
2026/05/25-19:40:11.519070 7b25aadfc700         Options.allow_concurrent_memtable_write: 1
2026/05/25-19:40:11.519072 7b25aadfc700      Options.enable_write_thread_adaptive_yield: 1
2026/05/25-19:40:11.519396 7b25aadfc700             Options.write_thread_max_yield_usec: 100
2026/05/25-19:40:11.519400 7b25aadfc700            Options.write_thread_slow_yield_usec: 3
2026/05/25-19:40:11.519404 7b25aadfc700                               Options.row_cache: None
2026/05/25-19:40:11.519407 7b25aadfc700                              Options.wal_filter: None
2026/05/25-19:40:11.519409 7b25aadfc700             Options.avoid_flush_during_recovery: 0
2026/05/25-19:40:11.519412 7b25aadfc700             Options.allow_ingest_behind: 0
2026/05/25-19:40:11.519724 7b25aadfc700             Options.preserve_deletes: 0
2026/05/25-19:40:11.519728 7b25aadfc700             Options.two_write_queues: 0
2026/05/25-19:40:11.519730 7b25aadfc700             Options.manual_wal_flush: 0
2026/05/25-19:40:11.519732 7b25aadfc700             Options.atomic_flush: 0
2026/05/25-19:40:11.519734 7b25aadfc700             Options.avoid_unnecessary_blocking_io: 0
2026/05/25-19:40:11.519745 7b25aadfc700                 Options.persist_stats_to_disk: 0
2026/05/25-19:40:11.520045 7b25aadfc700                 Options.write_dbid_to_manifest: 0
2026/05/25-19:40:11.520050 7b25aadfc700                 Options.log_readahead_size: 0
2026/05/25-19:40:11.520053 7b25aadfc700                 Options.file_checksum_gen_factory: Unknown
2026/05/25-19:40:11.520056 7b25aadfc700                 Options.best_efforts_recovery: 0
2026/05/25-19:40:11.520058 7b25aadfc700                Options.max_bgerror_resume_count: 2147483647
2026/05/25-19:40:11.520060 7b25aadfc700            Options.bgerror_resume_retry_interval: 1000000
2026/05/25-19:40:11.520360 7b25aadfc700             Options.allow_data_in_errors: 0
2026/05/25-19:40:11.520365 7b25aadfc700             Options.db_host_id: __hostname__
2026/05/25-19:40:11.520368 7b25aadfc700             Options.max_background_jobs: 16
2026/05/25-19:40:11.520370 7b25aadfc700             Options.max_background_compactions: -1
2026/05/25-19:40:11.520373 7b25aadfc700             Options.max_subcompactions: 1
2026/05/25-19:40:11.520375 7b25aadfc700             Options.avoid_flush_during_shutdown: 0
2026/05/25-19:40:11.520701 7b25aadfc700           Options.writable_file_max_buffer_size: 1048576
2026/05/25-19:40:11.520705 7b25aadfc700             Options.delayed_write_rate : 16777216
2026/05/25-19:40:11.520706 7b25aadfc700             Options.max_total_wal_size: 0
2026/05/25-19:40:11.520708 7b25aadfc700             Options.delete_obsolete_files_period_micros: 21600000000
2026/05/25-19:40:11.520709 7b25aadfc700                   Options.stats_dump_period_sec: 600
2026/05/25-19:40:11.521013 7b25aadfc700                 Options.stats_persist_period_sec: 600
2026/05/25-19:40:11.521022 7b25aadfc700                 Options.stats_history_buffer_size: 1048576
2026/05/25-19:40:11.521025 7b25aadfc700                          Options.max_open_files: -1
2026/05/25-19:40:11.521027 7b25aadfc700                          Options.bytes_per_sync: 0
2026/05/25-19:40:11.521029 7b25aadfc700                      Options.wal_bytes_per_sync: 0
2026/05/25-19:40:11.521030 7b25aadfc700                   Options.strict_bytes_per_sync: 0
2026/05/25-19:40:11.521339 7b25aadfc700       Options.compaction_readahead_size: 0
2026/05/25-19:40:11.521347 7b25aadfc700                  Options.max_background_flushes: -1
2026/05/25-19:40:11.521349 7b25aadfc700 Compression algorithms supported:
2026/05/25-19:40:11.521351 7b25aadfc700 	kZSTDNotFinalCompression supported: 0
2026/05/25-19:40:11.521353 7b25aadfc700 	kZSTD supported: 0
2026/05/25-19:40:11.521354 7b25aadfc700 	kXpressCompression supported: 0
2026/05/25-19:40:11.521707 7b25aadfc700 	kLZ4HCCompression supported: 0
2026/05/25-19:40:11.521711 7b25aadfc700 	kLZ4Compression supported: 0
2026/05/25-19:40:11.521712 7b25aadfc700 	kBZip2Compression supported: 0
2026/05/25-19:40:11.521714 7b25aadfc700 	kZlibCompression supported: 1
2026/05/25-19:40:11.521715 7b25aadfc700 	kSnappyCompression supported: 1
2026/05/25-19:40:11.521717 7b25aadfc700 Fast CRC32 supported: Not supported on x86
2026/05/25-19:40:11.536479 7b25aadfc700 [/db_impl/db_impl_open.cc:285] Creating manifest 1 
2026/05/25-19:40:11.577309 7b25aadfc700 [/version_set.cc:4626] Recovering from manifest file: /data/db/MANIFEST-000001
2026/05/25-19:40:11.585364 7b25aadfc700 [/column_family.cc:596] --------------- Options for column family [default]:
2026/05/25-19:40:11.585380 7b25aadfc700               Options.comparator: leveldb.BytewiseComparator
2026/05/25-19:40:11.585384 7b25aadfc700           Options.merge_operator: UInt64AddOperator
2026/05/25-19:40:11.585386 7b25aadfc700        Options.compaction_filter: None
2026/05/25-19:40:11.585733 7b25aadfc700        Options.compaction_filter_factory: None
2026/05/25-19:40:11.585739 7b25aadfc700  Options.sst_partitioner_factory: None
2026/05/25-19:40:11.585741 7b25aadfc700         Options.memtable_factory: SkipListFactory
2026/05/25-19:40:11.585744 7b25aadfc700            Options.table_factory: BlockBasedTable
2026/05/25-19:40:11.585807 7b25aadfc700            table_factory options:   flush_block_policy_factory: FlushBlockBySizePolicyFactory (0x7b25ee008020)
  cache_index_and_filter_blocks: 0
  cache_index_and_filter_blocks_with_high_priority: 1
  pin_l0_filter_and_index_blocks_in_cache: 0
  pin_top_level_index_and_filter: 1
  index_type: 0
  data_block_index_type: 0
  index_shortening: 1
  data_block_hash_table_util_ratio: 0.750000
  hash_index_allow_collision: 1
  checksum: 1
  no_block_cache: 0
  block_cache: 0x7b25ec8ca690
  block_cache_name: LRUCache
  block_cache_options:
    capacity : 8388608
    num_shard_bits : 4
    strict_capacity_limit : 0
    memory_allocator : None
    high_pri_pool_ratio: 0.000
  block_cache_compressed: (nil)
  persistent_cache: (nil)
  block_size: 4096
  block_size_deviation: 10
  block_restart_interval: 16
  index_block_restart_interval: 1
  metadata_block_size: 4096
  partition_filters: 0
  use_delta_encoding: 1
  filter_policy: nullptr
  whole_key_filtering: 1
  verify_compression: 0
  read_amp_bytes_per_bit: 0
  format_version: 5
  enable_index_compression: 1
  block_align: 0
2026/05/25-19:40:11.586526 7b25aadfc700        Options.write_buffer_size: 4194304
2026/05/25-19:40:11.586881 7b25aadfc700  Options.max_write_buffer_number: 2
2026/05/25-19:40:11.586889 7b25aadfc700        Options.compression[0]: NoCompression
2026/05/25-19:40:11.586893 7b25aadfc700        Options.compression[1]: NoCompression
2026/05/25-19:40:11.586896 7b25aadfc700        Options.compression[2]: Snappy
2026/05/25-19:40:11.586899 7b25aadfc700        Options.compression[3]: Snappy
2026/05/25-19:40:11.586903 7b25aadfc700        Options.compression[4]: Snappy
2026/05/25-19:40:11.587230 7b25aadfc700        Options.compression[5]: Snappy
2026/05/25-19:40:11.587239 7b25aadfc700        Options.compression[6]: Snappy
2026/05/25-19:40:11.587242 7b25aadfc700                  Options.bottommost_compression: Disabled
2026/05/25-19:40:11.587244 7b25aadfc700       Options.prefix_extractor: nullptr
2026/05/25-19:40:11.587246 7b25aadfc700   Options.memtable_insert_with_hint_prefix_extractor: nullptr
2026/05/25-19:40:11.587248 7b25aadfc700             Options.num_levels: 7
2026/05/25-19:40:11.587550 7b25aadfc700        Options.min_write_buffer_number_to_merge: 1
2026/05/25-19:40:11.587555 7b25aadfc700     Options.max_write_buffer_number_to_maintain: 0
2026/05/25-19:40:11.587557 7b25aadfc700     Options.max_write_buffer_size_to_maintain: 0
2026/05/25-19:40:11.587560 7b25aadfc700            Options.bottommost_compression_opts.window_bits: -14
2026/05/25-19:40:11.587562 7b25aadfc700                  Options.bottommost_compression_opts.level: 32767
2026/05/25-19:40:11.587866 7b25aadfc700               Options.bottommost_compression_opts.strategy: 0
2026/05/25-19:40:11.587872 7b25aadfc700         Options.bottommost_compression_opts.max_dict_bytes: 0
2026/05/25-19:40:11.587875 7b25aadfc700         Options.bottommost_compression_opts.zstd_max_train_bytes: 0
2026/05/25-19:40:11.587878 7b25aadfc700         Options.bottommost_compression_opts.parallel_threads: 1
2026/05/25-19:40:11.587882 7b25aadfc700                  Options.bottommost_compression_opts.enabled: false
2026/05/25-19:40:11.588208 7b25aadfc700         Options.bottommost_compression_opts.max_dict_buffer_bytes: 0
2026/05/25-19:40:11.588213 7b25aadfc700            Options.compression_opts.window_bits: -14
2026/05/25-19:40:11.588263 7b25aadfc700                  Options.compression_opts.level: 32767
2026/05/25-19:40:11.588265 7b25aadfc700               Options.compression_opts.strategy: 0
2026/05/25-19:40:11.588267 7b25aadfc700         Options.compression_opts.max_dict_bytes: 0
2026/05/25-19:40:11.588269 7b25aadfc700         Options.compression_opts.zstd_max_train_bytes: 0
2026/05/25-19:40:11.588626 7b25aadfc700         Options.compression_opts.parallel_threads: 1
2026/05/25-19:40:11.588632 7b25aadfc700                  Options.compression_opts.enabled: false
2026/05/25-19:40:11.588635 7b25aadfc700         Options.compression_opts.max_dict_buffer_bytes: 0
2026/05/25-19:40:11.588637 7b25aadfc700      Options.level0_file_num_compaction_trigger: 2
2026/05/25-19:40:11.588639 7b25aadfc700          Options.level0_slowdown_writes_trigger: 20
2026/05/25-19:40:11.588979 7b25aadfc700              Options.level0_stop_writes_trigger: 36
2026/05/25-19:40:11.588984 7b25aadfc700                   Options.target_file_size_base: 67108864
2026/05/25-19:40:11.588987 7b25aadfc700             Options.target_file_size_multiplier: 1
2026/05/25-19:40:11.588990 7b25aadfc700                Options.max_bytes_for_level_base: 536870912
2026/05/25-19:40:11.588992 7b25aadfc700 Options.level_compaction_dynamic_level_bytes: 0
2026/05/25-19:40:11.588999 7b25aadfc700          Options.max_bytes_for_level_multiplier: 10.000000
2026/05/25-19:40:11.589306 7b25aadfc700 Options.max_bytes_for_level_multiplier_addtl[0]: 1
2026/05/25-19:40:11.589311 7b25aadfc700 Options.max_bytes_for_level_multiplier_addtl[1]: 1
2026/05/25-19:40:11.589314 7b25aadfc700 Options.max_bytes_for_level_multiplier_addtl[2]: 1
2026/05/25-19:40:11.589317 7b25aadfc700 Options.max_bytes_for_level_multiplier_addtl[3]: 1
2026/05/25-19:40:11.589320 7b25aadfc700 Options.max_bytes_for_level_multiplier_addtl[4]: 1
2026/05/25-19:40:11.589633 7b25aadfc700 Options.max_bytes_for_level_multiplier_addtl[5]: 1
2026/05/25-19:40:11.589637 7b25aadfc700 Options.max_bytes_for_level_multiplier_addtl[6]: 1
2026/05/25-19:40:11.589639 7b25aadfc700       Options.max_sequential_skip_in_iterations: 8
2026/05/25-19:40:11.589641 7b25aadfc700                    Options.max_compaction_bytes: 1677721600
2026/05/25-19:40:11.589643 7b25aadfc700                        Options.arena_block_size: 524288
2026/05/25-19:40:11.589646 7b25aadfc700   Options.soft_pending_compaction_bytes_limit: 68719476736
2026/05/25-19:40:11.589959 7b25aadfc700   Options.hard_pending_compaction_bytes_limit: 274877906944
2026/05/25-19:40:11.589964 7b25aadfc700       Options.rate_limit_delay_max_milliseconds: 100
2026/05/25-19:40:11.589966 7b25aadfc700                Options.disable_auto_compactions: 0
2026/05/25-19:40:11.589970 7b25aadfc700                        Options.compaction_style: kCompactionStyleLevel
2026/05/25-19:40:11.589973 7b25aadfc700                          Options.compaction_pri: kMinOverlappingRatio
2026/05/25-19:40:11.590288 7b25aadfc700 Options.compaction_options_universal.size_ratio: 1
2026/05/25-19:40:11.590292 7b25aadfc700 Options.compaction_options_universal.min_merge_width: 2
2026/05/25-19:40:11.590295 7b25aadfc700 Options.compaction_options_universal.max_merge_width: 4294967295
2026/05/25-19:40:11.590297 7b25aadfc700 Options.compaction_options_universal.max_size_amplification_percent: 200
2026/05/25-19:40:11.590299 7b25aadfc700 Options.compaction_options_universal.compression_size_percent: -1
2026/05/25-19:40:11.590659 7b25aadfc700 Options.compaction_options_universal.stop_style: kCompactionStopStyleTotalSize
2026/05/25-19:40:11.590664 7b25aadfc700 Options.compaction_options_fifo.max_table_files_size: 1073741824
2026/05/25-19:40:11.590667 7b25aadfc700 Options.compaction_options_fifo.allow_compaction: 0
2026/05/25-19:40:11.590675 7b25aadfc700                   Options.table_properties_collectors: 
2026/05/25-19:40:11.590677 7b25aadfc700                   Options.inplace_update_support: 0
2026/05/25-19:40:11.590993 7b25aadfc700                 Options.inplace_update_num_locks: 10000
2026/05/25-19:40:11.591002 7b25aadfc700               Options.memtable_prefix_bloom_size_ratio: 0.000000
2026/05/25-19:40:11.591004 7b25aadfc700               Options.memtable_whole_key_filtering: 0
2026/05/25-19:40:11.591006 7b25aadfc700   Options.memtable_huge_page_size: 0
2026/05/25-19:40:11.591008 7b25aadfc700                           Options.bloom_locality: 0
2026/05/25-19:40:11.591316 7b25aadfc700                    Options.max_successive_merges: 0
2026/05/25-19:40:11.591321 7b25aadfc700                Options.optimize_filters_for_hits: 0
2026/05/25-19:40:11.591324 7b25aadfc700                Options.paranoid_file_checks: 0
2026/05/25-19:40:11.591326 7b25aadfc700                Options.force_consistency_checks: 1
2026/05/25-19:40:11.591328 7b25aadfc700                Options.report_bg_io_stats: 0
2026/05/25-19:40:11.591330 7b25aadfc700                               Options.ttl: 2592000
2026/05/25-19:40:11.591630 7b25aadfc700          Options.periodic_compaction_seconds: 0
2026/05/25-19:40:11.591635 7b25aadfc700                    Options.enable_blob_files: false
2026/05/25-19:40:11.591637 7b25aadfc700                        Options.min_blob_size: 0
2026/05/25-19:40:11.591639 7b25aadfc700                       Options.blob_file_size: 268435456
2026/05/25-19:40:11.591641 7b25aadfc700                Options.blob_compression_type: NoCompression
2026/05/25-19:40:11.591921 7b25aadfc700       Options.enable_blob_garbage_collection: false
2026/05/25-19:40:11.591930 7b25aadfc700   Options.blob_garbage_collection_age_cutoff: 0.250000
2026/05/25-19:40:11.599386 7b25aadfc700 [/version_set.cc:4666] Recovered from manifest file:/data/db/MANIFEST-000001 succeeded,manifest_file_number is 1, next_file_number is 3, last_sequence is 0, log_number is 0,prev_log_number is 0,max_column_family is 0,min_log_number_to_keep is 0
2026/05/25-19:40:11.599401 7b25aadfc700 [/version_set.cc:4681] Column family [default] (ID 0), log number is 0
2026/05/25-19:40:11.608953 7b25aadfc700 [/version_set.cc:4118] Creating manifest 4
2026/05/25-19:40:11.657597 7b25aadfc700 [/db_impl/db_impl_open.cc:1756] SstFileManager instance 0x7b25ec80f080
2026/05/25-19:40:11.659840 7b25aadfc700 DB pointer 0x7b25ec862800
2026/05/25-19:40:17.660384 7b25a3dee700 [/db_impl/db_impl.cc:931] ------- DUMPING STATS -------
2026/05/25-19:40:17.660831 7b25a3dee700 [/db_impl/db_impl.cc:933] 
** DB Stats **
Uptime(secs): 6.1 total, 6.1 interval
Cumulative writes: 12 writes, 20 keys, 12 commit groups, 0.9 writes per commit group, ingest: 0.00 GB, 0.00 MB/s
Cumulative WAL: 4 writes, 0 syncs, 4.00 writes per sync, written: 0.00 GB, 0.00 MB/s
Cumulative stall: 00:00:0.000 H:M:S, 0.0 percent
Interval writes: 12 writes, 20 keys, 12 commit groups, 0.9 writes per commit group, ingest: 0.01 MB, 0.00 MB/s
Interval WAL: 4 writes, 0 syncs, 4.00 writes per sync, written: 0.00 MB, 0.00 MB/s
Interval stall: 00:00:0.000 H:M:S, 0.0 percent

** Compaction Stats [default] **
Level    Files   Size     Score Read(GB)  Rn(GB) Rnp1(GB) Write(GB) Wnew(GB) Moved(GB) W-Amp Rd(MB/s) Wr(MB/s) Comp(sec) CompMergeCPU(sec) Comp(cnt) Avg(sec) KeyIn KeyDrop Rblob(GB) Wblob(GB)
------------------------------------------------------------------------------------------------------------------------------------------------------------------------------------------------
 Sum      0/0    0.00 KB   0.0      0.0     0.0      0.0       0.0      0.0       0.0   0.0      0.0      0.0      0.00              0.00         0    0.000       0      0       0.0       0.0
 Int      0/0    0.00 KB   0.0      0.0     0.0      0.0       0.0      0.0       0.0   0.0      0.0      0.0      0.00              0.00         0    0.000       0      0       0.0       0.0

** Compaction Stats [default] **
Priority    Files   Size     Score Read(GB)  Rn(GB) Rnp1(GB) Write(GB) Wnew(GB) Moved(GB) W-Amp Rd(MB/s) Wr(MB/s) Comp(sec) CompMergeCPU(sec) Comp(cnt) Avg(sec) KeyIn KeyDrop Rblob(GB) Wblob(GB)
---------------------------------------------------------------------------------------------------------------------------------------------------------------------------------------------------

Blob file count: 0, total size: 0.0 GB

Uptime(secs): 6.1 total, 6.1 interval
Flush(GB): cumulative 0.000, interval 0.000
AddFile(GB): cumulative 0.000, interval 0.000
AddFile(Total Files): cumulative 0, interval 0
AddFile(L0 Files): cumulative 0, interval 0
AddFile(Keys): cumulative 0, interval 0
Cumulative compaction: 0.00 GB write, 0.00 MB/s write, 0.00 GB read, 0.00 MB/s read, 0.0 seconds
Interval compaction: 0.00 GB write, 0.00 MB/s write, 0.00 GB read, 0.00 MB/s read, 0.0 seconds
Stalls(count): 0 level0_slowdown, 0 level0_slowdown_with_compaction, 0 level0_numfiles, 0 level0_numfiles_with_compaction, 0 stop for pending_compaction_bytes, 0 slowdown for pending_compaction_bytes, 0 memtable_compaction, 0 memtable_slowdown, interval 0 total count

** File Read Latency Histogram By Level [default] **

** Compaction Stats [default] **
Level    Files   Size     Score Read(GB)  Rn(GB) Rnp1(GB) Write(GB) Wnew(GB) Moved(GB) W-Amp Rd(MB/s) Wr(MB/s) Comp(sec) CompMergeCPU(sec) Comp(cnt) Avg(sec) KeyIn KeyDrop Rblob(GB) Wblob(GB)
------------------------------------------------------------------------------------------------------------------------------------------------------------------------------------------------
 Sum      0/0    0.00 KB   0.0      0.0     0.0      0.0       0.0      0.0       0.0   0.0      0.0      0.0      0.00              0.00         0    0.000       0      0       0.0       0.0
 Int      0/0    0.00 KB   0.0      0.0     0.0      0.0       0.0      0.0       0.0   0.0      0.0      0.0      0.00              0.00         0    0.000       0      0       0.0       0.0

** Compaction Stats [default] **
Priority    Files   Size     Score Read(GB)  Rn(GB) Rnp1(GB) Write(GB) Wnew(GB) Moved(GB) W-Amp Rd(MB/s) Wr(MB/s) Comp(sec) CompMergeCPU(sec) Comp(cnt) Avg(sec) KeyIn KeyDrop Rblob(GB) Wblob(GB)
---------------------------------------------------------------------------------------------------------------------------------------------------------------------------------------------------

Blob file count: 0, total size: 0.0 GB

Uptime(secs): 6.1 total, 0.0 interval
Flush(GB): cumulative 0.000, interval 0.000
AddFile(GB): cumulative 0.000, interval 0.000
AddFile(Total Files): cumulative 0, interval 0
AddFile(L0 Files): cumulative 0, interval 0
AddFile(Keys): cumulative 0, interval 0
Cumulative compaction: 0.00 GB write, 0.00 MB/s write, 0.00 GB read, 0.00 MB/s read, 0.0 seconds
Interval compaction: 0.00 GB write, 0.00 MB/s write, 0.00 GB read, 0.00 MB/s read, 0.0 seconds
Stalls(count): 0 level0_slowdown, 0 level0_slowdown_with_compaction, 0 level0_numfiles, 0 level0_numfiles_with_compaction, 0 stop for pending_compaction_bytes, 0 slowdown for pending_compaction_bytes, 0 memtable_compaction, 0 memtable_slowdown, interval 0 total count

** File Read Latency Histogram By Level [default] **
2026/05/25-19:50:17.662005 7b25a3dee700 [/db_impl/db_impl.cc:931] ------- DUMPING STATS -------
2026/05/25-19:50:17.662526 7b25a3dee700 [/db_impl/db_impl.cc:933] 
** DB Stats **
Uptime(secs): 606.1 total, 600.0 interval
Cumulative writes: 12 writes, 20 keys, 12 commit groups, 0.9 writes per commit group, ingest: 0.00 GB, 0.00 MB/s
Cumulative WAL: 4 writes, 0 syncs, 4.00 writes per sync, written: 0.00 GB, 0.00 MB/s
Cumulative stall: 00:00:0.000 H:M:S, 0.0 percent
Interval writes: 0 writes, 0 keys, 0 commit groups, 0.0 writes per commit group, ingest: 0.00 MB, 0.00 MB/s
Interval WAL: 0 writes, 0 syncs, 0.00 writes per sync, written: 0.00 MB, 0.00 MB/s
Interval stall: 00:00:0.000 H:M:S, 0.0 percent

** Compaction Stats [default] **
Level    Files   Size     Score Read(GB)  Rn(GB) Rnp1(GB) Write(GB) Wnew(GB) Moved(GB) W-Amp Rd(MB/s) Wr(MB/s) Comp(sec) CompMergeCPU(sec) Comp(cnt) Avg(sec) KeyIn KeyDrop Rblob(GB) Wblob(GB)
------------------------------------------------------------------------------------------------------------------------------------------------------------------------------------------------
 Sum      0/0    0.00 KB   0.0      0.0     0.0      0.0       0.0      0.0       0.0   0.0      0.0      0.0      0.00              0.00         0    0.000       0      0       0.0       0.0
 Int      0/0    0.00 KB   0.0      0.0     0.0      0.0       0.0      0.0       0.0   0.0      0.0      0.0      0.00              0.00         0    0.000       0      0       0.0       0.0

** Compaction Stats [default] **
Priority    Files   Size     Score Read(GB)  Rn(GB) Rnp1(GB) Write(GB) Wnew(GB) Moved(GB) W-Amp Rd(MB/s) Wr(MB/s) Comp(sec) CompMergeCPU(sec) Comp(cnt) Avg(sec) KeyIn KeyDrop Rblob(GB) Wblob(GB)
---------------------------------------------------------------------------------------------------------------------------------------------------------------------------------------------------

Blob file count: 0, total size: 0.0 GB

Uptime(secs): 606.1 total, 600.0 interval
Flush(GB): cumulative 0.000, interval 0.000
AddFile(GB): cumulative 0.000, interval 0.000
AddFile(Total Files): cumulative 0, interval 0
AddFile(L0 Files): cumulative 0, interval 0
AddFile(Keys): cumulative 0, interval 0
Cumulative compaction: 0.00 GB write, 0.00 MB/s write, 0.00 GB read, 0.00 MB/s read, 0.0 seconds
Interval compaction: 0.00 GB write, 0.00 MB/s write, 0.00 GB read, 0.00 MB/s read, 0.0 seconds
Stalls(count): 0 level0_slowdown, 0 level0_slowdown_with_compaction, 0 level0_numfiles, 0 level0_numfiles_with_compaction, 0 stop for pending_compaction_bytes, 0 slowdown for pending_compaction_bytes, 0 memtable_compaction, 0 memtable_slowdown, interval 0 total count

** File Read Latency Histogram By Level [default] **

** Compaction Stats [default] **
Level    Files   Size     Score Read(GB)  Rn(GB) Rnp1(GB) Write(GB) Wnew(GB) Moved(GB) W-Amp Rd(MB/s) Wr(MB/s) Comp(sec) CompMergeCPU(sec) Comp(cnt) Avg(sec) KeyIn KeyDrop Rblob(GB) Wblob(GB)
------------------------------------------------------------------------------------------------------------------------------------------------------------------------------------------------
 Sum      0/0    0.00 KB   0.0      0.0     0.0      0.0       0.0      0.0       0.0   0.0      0.0      0.0      0.00              0.00         0    0.000       0      0       0.0       0.0
 Int      0/0    0.00 KB   0.0      0.0     0.0      0.0       0.0      0.0       0.0   0.0      0.0      0.0      0.00              0.00         0    0.000       0      0       0.0       0.0

** Compaction Stats [default] **
Priority    Files   Size     Score Read(GB)  Rn(GB) Rnp1(GB) Write(GB) Wnew(GB) Moved(GB) W-Amp Rd(MB/s) Wr(MB/s) Comp(sec) CompMergeCPU(sec) Comp(cnt) Avg(sec) KeyIn KeyDrop Rblob(GB) Wblob(GB)
---------------------------------------------------------------------------------------------------------------------------------------------------------------------------------------------------

Blob file count: 0, total size: 0.0 GB

Uptime(secs): 606.1 total, 0.0 interval
Flush(GB): cumulative 0.000, interval 0.000
AddFile(GB): cumulative 0.000, interval 0.000
AddFile(Total Files): cumulative 0, interval 0
AddFile(L0 Files): cumulative 0, interval 0
AddFile(Keys): cumulative 0, interval 0
Cumulative compaction: 0.00 GB write, 0.00 MB/s write, 0.00 GB read, 0.00 MB/s read, 0.0 seconds
Interval compaction: 0.00 GB write, 0.00 MB/s write, 0.00 GB read, 0.00 MB/s read, 0.0 seconds
Stalls(count): 0 level0_slowdown, 0 level0_slowdown_with_compaction, 0 level0_numfiles, 0 level0_numfiles_with_compaction, 0 stop for pending_compaction_bytes, 0 slowdown for pending_compaction_bytes, 0 memtable_compaction, 0 memtable_slowdown, interval 0 total count

** File Read Latency Histogram By Level [default] **
